64
68
72
76
80
84
88
92
96
100
104
108
112
116
120
124
128
132
136
140
144
148
152
156
160
180
184
188
192
196
200
204
208
212
216
220
224
228
232
236
240
248
268
280
288
292
296
300
304
308
312
316
320
324
328
332
336
340
344
348
352
356
360
364
368
372
376
380
384
388
392
396
400
404
412
420
424
428
432
436
440
444
452
456
460
464
468
472
476
824
828
832
836
840
844
848
852
856
860
864
868
872
876
880
884
888
892
896
900
904
908
912
916
920
924
928
932
936
940
944
948
952
956
960
964
968
972
976
980
984
988
992
996
1000
1004
1008
1012
1016
1020
1024
1028
1032
1036
1040
1044
1048
1052
1056
1060
1556
1560
1564
1568
1572
1576
1580
1584
1588
1592
1596
1600
1604
1608
1612
1616
1620
1624
1628
1632
1636
1640
1644
1648
1652
1656
1660
1664
1668
1672
1676
1680
1684
1688
1692
1696
1700
1704
1708
1712
1716
1720
1724
1728
1732
1736
1740
1744
1748
1752
1756
1760
1764
1768
1772
1776
1780
1784
1788
1792
2300
2304
2308
2312
2316
2320
2324
2328
2332
2336
2340
2344
2348
2352
2356
2360
2364
2368
2372
2376
2380
2384
2388
2392
2396
2400
2404
2408
2412
2416
2420
2424
2428
2432
2436
2440
2444
2448
2452
2456
2460
2464
2468
2472
2476
2480
2484
2488
2492
2496
2500
2504
52
56
60
64
68
72
76
80
1056
1064
1068
1076
1084
1092
1096
1100
1104
1108
1112
1116
1124
1128
1136
1140
1144
1148
1152
1160
1176
1184
1200
1244
1252
1260
1264
1272
1276
1280
1284
1288
1292
1296
1300
1304
1308
1312
1316
1320
1324
1328
1332
1336
1340
1344
1348
1356
1368
1372
1384
1388
1408
1412
1416
1420
1424
1428
1432
1436
300
308
328
336
356
392
404
424
440
448
456
460
468
472
492
500
504
512
516
524
532
544
552
560
580
624
648
660
664
692
696
704
708
712
716
724
808
816
820
852
856
864
884
924
1016
1020
1024
1028
1032
1036
1040
1044
1048
1052
1056
1060
1064
1068
1072
1080
60
64
68
72
76
80
84
88
92
96
100
104
108
112
116
120
124
128
132
136
140
144
8
12
16
20
24
28
32
36
40
44
76
80
84
88
92
96
100
104
108
112
116
120
124
128
132
136
140
144
148
152
156
160
164
168
172
176
12
16
52
56
60
64
68
72
76
12
16
20
24
28
32
36
40
44
48
52
32
36
40
44
48
52
56
60
64
68
72
76
80
84
88
92
96
100
104
108
112
116
120
124
128
132
136
140
144
148
152
156
160
164
168
172
176
180
184
188
192
196
36
40
44
48
52
56
60
64
68
72
76
80
84
88
92
96
100
104
108
112
116
120
124
128
132
136
140
144
148
152
156
160
164
168
172
176
180
184
196
200
216
224
244
248
280
284
336
356
368
376
640
668
852
860
924
936
948
980
1120
1156
4552
4584
4588
4592
4612
4616
4624
4632
4656
4752
4760
4824
4848
4860
4872
4880
4900
4904
4972
5008
5036
5064
5068
5100
5152
5168
5184
5188
5212
5216
5224
5228
5252
5276
5280
5284
5288
5292
5296
5316
5328
5344
5352
5360
5364
36
40
44
48
52
56
60
64
68
72
76
80
84
88
32
84
88
92
96
100
104
108
112
116
120
124
128
132
136
140
144
148
152
156
160
164
168
172
176
180
184
92
96
100
104
108
112
116
120
124
128
132
136
140
144
148
152
156
160
164
168
172
176
180
184
188
192
196
200
204
208
212
216
220
224
360
364
368
372
376
380
384
388
392
396
400
404
408
412
416
420
424
428
432
440
444
452
456
460
464
468
472
476
480
484
488
492
496
500
504
508
512
516
520
524
528
532
536
540
544
548
16
20
24
28
32
36
40
44
48
28
32
36
40
44
528
532
536
540
544
548
552
556
560
292
296
300
304
308
312
316
320
324
328
332
336
340
344
348
352
356
360
364
368
372
376
380
384
388
392
396
400
404
408
412
416
420
424
428
432
436
440
444
448
452
456
460
464
468
472
476
480
484
488
492
432
436
440
444
448
452
456
460
464
468
472
476
480
484
488
492
496
500
504
508
512
516
520
524
528
532
536
540
544
548
552
556
560
564
568
572
576
580
584
588
592
596
600
604
608
612
616
620
624
628
632
636
640
644
648
652
656
660
664
668
252
256
260
264
268
272
276
280
284
288
292
296
300
304
308
312
316
320
324
328
332
336
340
344
348
352
356
360
364
368
372
376
380
384
388
392
396
400
404
408
412
416
420
140
148
152
156
160
164
168
172
176
180
184
188
192
196
200
204
208
1064
1068
1072
1076
1080
1084
1088
1092
1096
1100
1104
1108
1112
1116
1120
1124
1128
1132
1136
1140
1144
1148
1152
1156
1160
1164
1168
1172
1176
1180
1796
1800
1804
1808
1812
1816
1820
84
88
92
96
100
104
108
112
116
1440
1444
1448
1452
256
264
268
272
276
280
284
288
292
296
56
28
36
40
44
48
36
40
44
48
52
56
60
64
68
72
76
80
84
88
92
96
100
48
52
56
60
64
228
232
236
240
244
248
252
256
260
264
20
24
28
32
36
40
44
48
52
56
60
64
68
72
76
80
48
52
56
60
64
68
72
76
80
84
88
92
96
100
300
304
308
312
316
320
324
328
332
336
340
344
348
352
356
360
364
368
372
376
380
384
388
392
396
400
404
408
412
416
420
424
496
500
504
508
512
516
520
524
528
532
536
540
544
548
100
104
108
112
116
120
124
128
132
136
140
144
148
152
156
160
164
168
172
176
180
184
188
192
196
200
204
208
212
216
220
224
228
232
236
240
244
248
348
824
828
836
840
844
848
852
856
860
864
868
872
876
880
884
888
892
896
900
904
908
912
920
924
928
932
936
940
944
952
956
960
964
972
976
980
984
992
996
1000
1004
1008
1012
1016
1024
1028
1032
1040
1044
1048
1052
1056
1060
1064
1072
1076
1084
1088
1092
1096
380
384
392
396
404
408
412
416
424
428
436
440
444
456
460
464
488
508
516
524
536
560
568
616
632
672
688
692
828
884
1152
1300
1444
1452
1632
1636
2284
2420
2444
2472
2612
2652
2656
2672
2676
2696
2700
2704
2708
2748
2756
2768
2776
